0.01
0.01
0.00
0.01
0.04
0.11
0.06
0.11
0.14
0.74
0.34
0.35
0.26
0.24
0.08
0.85
1.05
1.40
0.09
0.12
0.28
4.24
2.00
0.70
0.46
2.74
8.06
7.21
3.09
5.23
7.58
9.00
8.16
0.75
1.68
3.27
34.73
497.85
101.05
11.16
196.70
487.69
351.50
54.22
111.66
159.70
239.53
741.34
532.73
1619.62
150.77
610.03
1001.70
95.09
197.69
116
141
78
142
79
156
155
116
82
96
174
303
129
178
182
174
138
203
64
159
200
194
166
192
83
197
316
333
1800.93
1801.12
1801.49
1800.53
1800.51
1800.70
1800.45
1801.00
1801.27
1801.49
1801.97
1801.45
1801.31
1800.43
1801.05
1800.70
1801.84
1802.06
1802.05
1802.13
1801.09
1802.51
1800.80
1800.77
1801.08
1801.31
1803.05
1801.36
1801.52
1801.88
1801.23
1801.88
1803.04
1801.31
1801.49
1801.96
1801.92
1801.04
1807.16
1801.68
1801.64
1801.90
1801.68
1803.21
1803.42
1801.78
1802.98
1803.44
1801.97
1804.09
1800.37
1802.07
1802.09
1804.26